WARNING: Version mismatch detected: You are trying to connect to a simulator that might be incompatible with this API 
WARNING: Client API version     = 0.9.11-dirty 
WARNING: Simulator API version  = e2d0127a 
pygame 2.0.1 (SDL 2.0.14, Python 3.8.10)
Hello from the pygame community. https://www.pygame.org/contribute.html
Starting start_recording
Looking for LSL stream BBT-E08-AAB018_EEG_0...
Found stream 'BBT-E08-AAB018_EEG_0' via BBT-E08-AAB018_EEG_0...
2021-06-21 17:53:23.537 (   0.120s) [                ]             common.cpp:50    INFO| git:e762b9e10ad0d77651923c0afa7f435af38e8a9b/branch:refs/tags/v1.14.0/build:Release/compiler:MSVC-19.0.24245.0/link:shared
<Info | 7 non-empty values
 bads: []
 ch_names: EEG 001, EEG 002, EEG 003, EEG 004, EEG 005, EEG 006, EEG 007, ...
 chs: 8 EEG
 custom_ref_applied: False
 highpass: 0.0 Hz
 lowpass: 128.0 Hz
 meas_date: unspecified
 nchan: 8
 projs: []
 sfreq: 256.0 Hz
>
Comenzando simulación...
Timestamp comienzo
1624290839.556646
Distractions cycle 0
Distractions cycle 1
Distractions cycle 2
Distractions cycle 3
Distractions cycle 4
Destroying objects...
INFO:  streaming client: failed to read data: El identificador de archivo proporcionado no es vßlido 
INFO:  streaming client: failed to read header: El sistema local anul¾ la conexi¾n de red
INFO:  streaming client: failed to read header: El sistema local anul¾ la conexi¾n de red 
INFO:  streaming client: failed to read header: El sistema local anul¾ la conexi¾n de red 
Distractions cycle 5
Closing processes...
[(0, 0), (0, 0), (0, 0), (0, 0), (0, 0), (0, 0), (0, 0), (11, 1624290845.789456), (0, 0), (0, 0), (0, 0), (0, 0), (0, 0), (0, 0), (0, 0), (0, 0), (15, 1624290855.416335), (0, 0), (0, 0), (0, 0), (0, 0), (0, 0), (0, 0), (0, 0), (0, 0), (0, 0), (0, 0), (0, 0), (0, 0), (0, 0), (0, 0), (0, 0), (0, 0), (0, 0), (0, 0), (0, 0), (0, 0), (0, 0), (0, 0), (0, 0), (0, 0), (0, 0), (0, 0), (0, 0), (0, 0), (0, 0), (0, 0), (0, 0), (0, 0), (0, 0), (15, 1624290889.420785), (0, 0), (0, 0), (0, 0), (11, 1624290893.035441), (15, 1624290893.446367), (0, 0), (0, 0), (0, 0), (11, 1624290897.961981), (0, 0), (0, 0), (0, 0), (0, 0), 
(0, 0), (0, 0), (0, 0), (0, 0), (0, 0), (0, 0), (0, 0), (0, 0), (0, 0), (0, 0), (0, 0), (0, 0), (0, 0), (0, 0), (0, 0), (0, 0), (15, 1624290919.462609), (0, 0), (0, 0), (0, 0), (0, 0), (0, 0), (0, 0), (0, 0), (11, 1624290927.355367), (0, 0), (0, 
0), (0, 0), (0, 0), (0, 0), (0, 0), (0, 0), (0, 0), (0, 0), (0, 0), (0, 0), (11, 1624290938.631271), (0, 0), (0, 0), (0, 0), (0, 0), (0, 0), (0, 0), (0, 0), (0, 0), (0, 0), (0, 0), (0, 0), (0, 0), (0, 0), (15, 1624290953.371838), (0, 0), (0, 0), 
(0, 0), (11, 1624290956.742188), (0, 0), (0, 0), (0, 0), (0, 0), (0, 0), (15, 1624290963.471112), (0, 0), (0, 0), (0, 0), (0, 0), (0, 0), (0, 0), (0, 0), (0, 0), (0, 0), (0, 0), (0, 0), (0, 0), (0, 0), (0, 0), (0, 0), (0, 0), (0, 0), (0, 0), (11, 1624290982.521649), (0, 0), (0, 0), (0, 0), (0, 0), (0, 0), (0, 0), (0, 0), (0, 0), (0, 0), (15, 1624290991.996405), (0, 0), (0, 0), (0, 0), (0, 0), (0, 0), (11, 1624290998.237839), (15, 1624290998.516211), (0, 0), (0, 0), (15, 1624291002.340482), (0, 0), (0, 0), (0, 0), (0, 0), (0, 0), (0, 0), (0, 0), (0, 0), (11, 1624291011.589164), (0, 0), (0, 0), (0, 0), (0, 0), (0, 0), (0, 0), (0, 0), (0, 0), (0, 0), (0, 0), (0, 0), (0, 0), (0, 0), (0, 0), (0, 0), (15, 1624291026.96849), (0, 0), (0, 0), (0, 0), (11, 1624291030.960822), (0, 0), (0, 0), (0, 0), (0, 0), (0, 0), (0, 0), (0, 0), (0, 0), (0, 0), (0, 0), (11, 1624291042.409516), (0, 0), (0, 0), (0, 0), (0, 0), (0, 0), (0, 0), (0, 0), (0, 0), (0, 0), (0, 0), (0, 0), (0, 0), (0, 0), (0, 0), (0, 0), (0, 0), (0, 0), (0, 0), (0, 0), (0, 0), (0, 0), (0, 0), (0, 0), (0, 0), (0, 0), (0, 0), (0, 0), (0, 0), (0, 0), (15, 1624291072.310854), (0, 0), (0, 0), (11, 1624291075.182905), (0, 0), (0, 0), (0, 0), (0, 0), (0, 0), (0, 0), (0, 0), (0, 0), (11, 1624291084.178515), (0, 0), (0, 0), (0, 0), (0, 0), (0, 0), (0, 0), (0, 0), (0, 0), (15, 1624291092.753928), (0, 0), (0, 0), (0, 0), (0, 0), (0, 0), (0, 0), (0, 0), (0, 0), (0, 0), (0, 0), (0, 0), (0, 0), (0, 0), (0, 0), (0, 0), (0, 0), (11, 1624291110.224276), (0, 0), (0, 0), (0, 0), (0, 0), (15, 1624291114.923829), (0, 0), (11, 1624291117.300299), (15, 1624291117.748105), (0, 0), (0, 0), (0, 0), (0, 0), (0, 0), (0, 0), (0, 0), (0, 0), (0, 0), (0, 0), (0, 0), (0, 0), 
(0, 0), (0, 0), (0, 0), (0, 0), (0, 0), (0, 0), (0, 0), (0, 0), (0, 0), (0, 0), (0, 0), (0, 0), (0, 0), (0, 0), (0, 0), (0, 0), (11, 1624291147.559501), (0, 0), (0, 0), (0, 0), (0, 0), (0, 0), (0, 0), (0, 0), (0, 0), (0, 0), (0, 0), (0, 0), (0, 0), (11, 1624291160.186857), (0, 0), (0, 0), (11, 1624291163.498827), (0, 0), (0, 0), (0, 0), (0, 0), (0, 0), (0, 0), (15, 1624291169.83614), (0, 0), (0, 0), (0, 0), (0, 0), (0, 0), (0, 0), (0, 0), (15, 1624291177.676579), (0, 0), (0, 0), (11, 1624291181.443344), (0, 0), (0, 0), (0, 0), (0, 0), (0, 0), (0, 0), (0, 0), (0, 0), (0, 0), (0, 0), (11, 1624291192.135158), (0, 0), (0, 0), (23, 1624291195.03425), (0, 0), (0, 0), (0, 0), (0, 0), (0, 0), (0, 0), (0, 0), (0, 0), (0, 0), (0, 0), (0, 
0), (11, 1624291206.741479), (0, 0), (0, 0), (15, 1624291209.997998), (0, 0), (0, 0), (0, 0), (0, 0), (0, 0), (0, 0), (0, 0), (0, 0), (0, 0), (0, 0), (0, 0), (0, 0), (0, 0), (0, 0), (0, 0), (0, 0), (0, 0), (0, 0), (0, 0), (0, 0), (0, 0), (0, 0), 
(0, 0), (0, 0), (0, 0), (0, 0), (0, 0), (0, 0), (0, 0), (0, 0), (0, 0), (0, 0), (11, 1624291243.51073), (0, 0), (0, 0), (0, 0), (0, 0), (0, 0), (0, 0), (15, 1624291250.213159), (0, 0), (0, 0), (0, 0), (0, 0), (11, 1624291255.381012), (0, 0), (0, 
0), (0, 0), (0, 0), (0, 0), (0, 0), (0, 0), (0, 0), (0, 0), (0, 0), (0, 0), (0, 0), (0, 0), (11, 1624291269.033071), (0, 0), (0, 0), (23, 1624291272.013861), (0, 0), (0, 0), (0, 0), (0, 0), (0, 0), (0, 0), (0, 0), (0, 0), (0, 0), (0, 0), (0, 0), 
(0, 0), (11, 1624291284.885388), (0, 0), (0, 0), (0, 0), (0, 0), (0, 0), (0, 0), (0, 0), (0, 0), (0, 0), (0, 0), (0, 0), (11, 1624291297.281651), (0, 0), (0, 0), (0, 0), (11, 1624291300.829743), (0, 0), (0, 0), (0, 0), (0, 0), (0, 0), (15, 1624291307.377717), (0, 0), (0, 0), (0, 0), (0, 0), (0, 0), (0, 0), (0, 0), (0, 0), (0, 0), (0, 0), (0, 0), (0, 0), (0, 0), (0, 0), (0, 0), (0, 0), (0, 0), (0, 0), (0, 0), (0, 0), (0, 0), (0, 0), (0, 0), (0, 0), (0, 0), (0, 0), (0, 0), (0, 0), (0, 0), 
(0, 0), (0, 0), (0, 0), (0, 0), (11, 1624291341.155668), (0, 0), (0, 0), (0, 0), (0, 0), (0, 0), (0, 0), (0, 0), (0, 0), (0, 0), (0, 0), (0, 0), (15, 1624291353.278401), (0, 0), (0, 0), (0, 0), (0, 0), (0, 0), (0, 0), (0, 0), (0, 0), (0, 0), (0, 
0), (0, 0), (0, 0), (0, 0), (0, 0), (0, 0), (0, 0), (0, 0), (0, 0), (0, 0), (0, 0), (0, 0), (0, 0), (0, 0), (0, 0), (11, 1624291378.438291), (0, 0), (0, 0), (0, 0), (0, 0), (0, 0), (0, 0), (0, 0), (0, 0), (0, 0), (0, 0), (11, 1624291389.011404), 
(0, 0), (0, 0), (0, 0), (0, 0), (0, 0), (15, 1624291395.299235), (0, 0), (0, 0), (0, 0), (0, 0), (0, 0), (0, 0), (0, 0), (0, 0), (0, 0), (0, 0), (0, 0), (0, 0), (11, 1624291408.416451), (0, 0), (0, 0), (0, 0), (11, 1624291412.403158), (0, 0), (0, 0), (0, 0), (0, 0), (0, 0), (11, 1624291418.045523), (23, 1624291418.688801), (0, 0), (0, 0), (11, 1624291421.804325), (0, 0), (0, 0), (0, 0), (0, 0), (0, 0), (0, 0), (0, 0), (0, 0), (15, 1624291430.722555), (0, 0), (0, 0), (15, 1624291434.529802), (0, 0), (11, 1624291436.212466), (0, 0), (0, 0), (0, 0)]
True
EEGRecording closed
Thanks for using my driving scenario, see you later!
Framework created by Enrique Tomás Martínez Beltrán